47 28
92 43
50 16
21 35
63 5
97 16
92 82
45 70
24 34
12 30
8 33
94 40
95 48
4 8
6 3
70 48
62 59
0 18
66 55
99 17
11 46
31 7
99 39
68 55
34 62
6 7
78 60
59 30
45 23
54 38
31 49
2 23
68 67
13 15
22 86
77 4
80 27
75 25
16 9
81 67
29 15
0 16
71 18
96 26
84 64
26 17
27 37
56 60
100 100
31 45
68 50
70 87
86 66
36 54
13 20
86 91
8 39
84 56
21 23
45 79
61 98
85 54
72 13
14 65
46 93
67 79
67 74
29 100
8 65
95 25
12 8
62 53
25 32
76 35
10 55
55 49
21 21
51 25
69 76
6 11
74 43
92 61
56 12
32 60
34 99
39 55
93 32
26 53
58 69
79 68
22 20
30 78
19 96
39 74
18 87
34 90
40 64
89 21
20 85
88 62
36 67
91 13
28 3
42 14
5 89
91 20
0 74
36 97
53 32
89 93
23 31
44 16
89 50
72 39
51 45
14 0
58 83
94 87
73 81
73 55
48 32
62 6
43 50
71 26
100 57
81 10
100 59
70 31
44 20
23 24
38 90
64 61
47 11
90 38
55 78
80 95
76 1
61 13
35 38
54 75
13 7
88 22
15 84
46 6
51 96
38 34
87 83
93 5
30 46
23 50
64 54
69 13
45 18
31 58
100 67
31 83
65 92
44 94
96 52
60 80
21 4
69 15
96 97
75 60
65 11
72 20
84 91
34 64
72 58
3 9
59 69
62 62
36 69
64 77
57 81
4 78
37 14
55 28
90 48
8 66
53 64
78 93
50 67
89 78
44 84
6 20
24 37
87 91
19 52
20 46
45 61
7 99
35 84
91 41
59 43
17 73
3 25
42 45
90 99
24 87